100
2 3 2
1 1 1
2 1 2
3 2 3
80 1 80
78 6 78
2 57 2
5 16 5
78 7 78
100 1 100
2 43 2
27 6 27
3 4 3
80 7 80
83 5 83
15 10 15
84 9 84
22 12 22
6 14 6
29 11 29
51 5 51
3 1 3
57 10 57
100 3 100
2 2 2
4 2 4
1 75 1
4 17 4
4 1 4
21 13 21
82 8 82
100 6 100
74 2 74
1 28 1
23 12 23
10 18 10
80 8 80
1 100 1
15 15 15
71 6 71
57 3 57
50 1 50
1 6 1
4 29 4
24 4 24
4 5 4
94 4 94
19 13 19
45 7 45
1 14 1
1 2 1
94 6 94
46 4 46
21 4 21
1 4 1
78 8 78
50 5 50
3 14 3
64 5 64
10 5 10
14 5 14
50 10 50
3 37 3
4 4 4
49 6 49
5 7 5
2 4 2
25 6 25
43 5 43
1 55 1
100 9 100
14 9 14
24 1 24
92 6 92
21 12 21
1 3 1
13 16 13
49 4 49
13 1 13
4 3 4
42 10 42
34 4 34
14 7 14
83 3 83
10 8 10
1 56 1
10 1 10
48 8 48
3 3 3
45 8 45
93 1 93
45 10 45
2 9 2
7 1 7
2 59 2
28 5 28
100 2 100
100 4 100
71 2 71
20 6 20
