50
3
1 2 3
2 3 5
3 5 6
2 3 4
1 2 3
2
4 8
6 8
2 6
7
31 37 64 89 94 119 141
56 89 113 138 139 151 176
33 37 51 59 90 96 102
43 64 65 71 99 122 130
70 119 143 155 177 188 197
49 59 71 138 145 155 173
25 31 42 49 65 84 91
74 141 149 173 186 210 220
25 33 43 56 67 70 74
42 51 65 113 121 143 149
84 96 122 151 173 188 210
91 102 130 176 189 197 220
65 90 99 139 169 177 186
4
5 6 7 9
3 4 5 7
7 8 9 11
6 7 9 11
1 2 4 6
1 3 5 7
4 5 7 9
3
6 8 10
2 5 6
5 7 8
3 7 8
4 8 10
4
7 10 12 13
8 9 11 13
1 2 3 8
2 4 5 9
2 4 5 10
1 2 3 7
3 5 6 11
10
71 72 73 74 75 76 77 78 79 80
5 15 25 35 45 55 65 75 85 95
1 11 21 31 41 51 61 71 81 91
11 12 13 14 15 16 17 18 19 20
41 42 43 44 45 46 47 48 49 50
4 14 24 34 44 54 64 74 84 94
10 20 30 40 50 60 70 80 90 100
7 17 27 37 47 57 67 77 87 97
61 62 63 64 65 66 67 68 69 70
51 52 53 54 55 56 57 58 59 60
8 18 28 38 48 58 68 78 88 98
6 16 26 36 46 56 66 76 86 96
3 13 23 33 43 53 63 73 83 93
2 12 22 32 42 52 62 72 82 92
81 82 83 84 85 86 87 88 89 90
91 92 93 94 95 96 97 98 99 100
9 19 29 39 49 59 69 79 89 99
31 32 33 34 35 36 37 38 39 40
21 22 23 24 25 26 27 28 29 30
3
2 3 4
1 2 3
1 2 3
2 3 4
3 4 5
4
5 6 8 10
2 3 5 6
7 8 10 12
6 8 10 12
3 4 6 8
5 6 8 10
3 4 6 8
10
10 11 12 13 14 15 16 17 18 19
8 9 10 11 12 13 14 15 16 17
10 11 12 13 14 15 16 17 18 19
3 4 5 6 7 8 9 10 11 12
1 2 3 4 5 6 7 8 9 10
1 2 3 4 5 6 7 8 9 10
9 10 11 12 13 14 15 16 17 18
3 4 5 6 7 8 9 10 11 12
6 7 8 9 10 11 12 13 14 15
6 7 8 9 10 11 12 13 14 15
5 6 7 8 9 10 11 12 13 14
4 5 6 7 8 9 10 11 12 13
8 9 10 11 12 13 14 15 16 17
5 6 7 8 9 10 11 12 13 14
4 5 6 7 8 9 10 11 12 13
2 3 4 5 6 7 8 9 10 11
9 10 11 12 13 14 15 16 17 18
7 8 9 10 11 12 13 14 15 16
7 8 9 10 11 12 13 14 15 16
8
2 4 6 8 9 11 12 13
4 5 7 9 11 13 14 16
14 16 18 20 21 24 26 27
11 13 14 16 18 20 21 24
12 14 17 19 20 21 24 26
6 7 8 11 12 14 15 18
9 12 13 14 15 18 20 21
8 10 11 12 13 16 18 20
13 16 18 20 22 24 25 27
6 7 8 11 13 15 17 18
8 9 11 12 14 17 19 20
11 13 15 17 18 20 22 24
13 14 15 18 20 22 24 25
2 4 6 8 9 11 13 14
9 11 12 13 15 18 20 22
8
16 19 24 25 27 31 35 38
16 18 20 22 26 27 32 35
15 17 21 24 26 29 32 34
4 7 12 13 17 19 20 21
18 20 21 25 29 32 34 38
2 6 9 12 15 16 18 20
7 10 13 16 18 20 22 25
1 2 4 7 10 13 15 16
10 15 17 18 22 23 26 27
10 13 15 19 22 25 26 29
3 6 7 10 13 16 17 19
13 16 19 20 25 26 29 31
4 9 12 13 15 18 21 24
13 16 18 20 23 26 27 32
7 12 13 16 19 20 24 25
3
6 10 12
4 6 7
7 14 18
4 7 9
7 10 14
8
21 25 29 34 42 43 47 51
24 29 38 40 45 47 51 56
15 18 22 26 27 31 34 38
20 24 26 31 38 42 44 47
12 15 19 26 28 34 38 40
20 25 30 34 38 42 43 46
26 29 30 38 43 46 48 56
21 27 35 38 41 44 47 48
17 21 24 27 33 38 41 45
18 19 23 28 33 38 42 43
2 7 10 15 18 20 21 24
10 13 15 19 24 26 29 30
7 10 15 22 23 30 35 38
2 4 7 12 17 20 21 26
4 9 13 18 19 25 27 29
3
5 10 16
2 7 12
1 2 5
1 5 9
5 7 10
7
5 10 14 17 19 20 31
22 25 27 28 31 32 34
6 11 15 18 20 21 32
3 8 12 13 14 15 26
2 7 8 9 10 11 25
2 7 8 9 10 11 24
1 2 3 4 5 6 23
4 9 13 16 17 18 29
23 24 26 29 30 33 34
6 11 15 18 20 21 33
4 9 13 16 17 18 28
5 10 14 17 19 20 30
1 2 3 4 5 6 22
3
3 5 7
7 9 13
3 6 7
5 8 10
7 10 13
10
8 12 14 15 18 20 22 24 26 27
11 12 16 19 22 24 26 28 30 31
15 18 21 23 24 27 30 32 34 36
14 17 20 24 27 28 30 33 36 38
9 11 15 17 20 21 23 25 27 29
6 9 12 13 15 17 20 21 23 24
16 19 23 24 26 29 31 34 36 38
7 10 11 13 16 17 19 20 22 24
13 15 19 22 26 27 28 31 34 36
10 14 16 17 20 21 24 25 27 28
3 6 8 10 12 14 16 17 18 19
4 6 8 9 10 11 12 13 15 17
5 8 10 12 14 15 16 18 19 20
13 17 20 21 23 25 28 30 31 33
2 3 4 6 7 9 11 12 13 14
4 8 10 11 14 16 18 20 21 23
11 16 18 20 21 23 26 27 28 30
7 10 14 16 18 20 21 23 24 26
2 4 5 7 8 10 11 13 15 16
6
1 4 7 11 15 19
11 15 18 20 21 25
16 19 23 25 33 36
14 18 20 21 31 35
4 8 10 15 18 19
4 8 11 15 19 21
19 21 25 28 35 36
7 10 12 18 23 25
11 15 19 20 27 28
1 4 7 11 14 16
15 19 23 27 31 33
7
6 13 20 27 34 41 48
3 10 17 24 31 38 45
4 11 18 25 32 39 46
36 37 38 39 40 41 42
1 8 15 22 29 36 43
15 16 17 18 19 20 21
1 2 3 4 5 6 7
8 9 10 11 12 13 14
43 44 45 46 47 48 49
2 9 16 23 30 37 44
5 12 19 26 33 40 47
29 30 31 32 33 34 35
7 14 21 28 35 42 49
2
6 8
4 8
2 4
4
6 10 13 15
3 5 7 11
8 11 14 15
1 3 4 6
3 5 8 10
4 8 9 14
1 3 5 8
3
3 4 8
8 13 17
3 4 8
4 6 13
4 6 11
5
6 8 9 12 14
2 4 6 7 9
6 8 9 11 12
8 11 12 16 17
4 5 8 10 11
2 4 6 7 8
4 5 8 10 11
7 10 12 14 16
9 11 14 16 17
10
21 26 28 31 35 38 39 41 46 47
5 6 9 13 16 18 20 22 24 26
17 22 23 26 30 33 34 38 42 43
16 20 22 25 27 30 31 36 39 41
15 17 22 24 27 30 31 34 37 39
21 22 29 32 33 38 41 43 46 47
6 7 11 15 17 19 22 23 27 28
12 16 17 19 20 25 27 29 32 33
3 5 6 8 9 12 15 16 18 21
8 9 11 14 17 20 22 24 26 29
8 9 14 17 19 20 25 26 28 31
12 15 20 22 25 26 30 33 35 38
16 18 24 27 29 33 36 38 39 41
3 5 8 11 12 14 16 17 20 21
9 12 17 18 20 23 27 30 32 35
18 21 26 29 32 36 39 42 44 46
5 6 7 9 12 15 17 18 21 22
11 13 15 17 18 22 24 27 29 32
20 24 27 28 32 35 37 39 44 46
4
2 4 5 7
7 8 10 11
4 5 7 8
5 8 10 11
3 5 6 8
2 3 4 5
4 7 9 10
6
13 21 22 31 32 40
4 8 14 21 22 25
15 18 22 35 40 44
3 7 12 17 21 23
10 13 20 30 32 37
9 17 21 26 30 35
18 23 25 32 37 44
2 3 4 8 10 15
8 12 19 26 31 32
2 4 5 9 13 18
5 12 14 19 20 22
3
3 4 6
6 9 11
4 6 9
4 6 8
3 4 5
2
2 22
22 222
22 222
10
20 21 25 31 37 38 42 43 48 50
22 27 32 34 40 41 48 50 52 57
6 9 10 12 16 22 23 25 26 30
12 14 16 17 24 27 30 33 37 40
19 22 25 30 33 36 42 43 45 52
4 7 9 11 15 19 20 22 25 27
8 9 10 14 18 23 24 25 29 32
16 19 22 26 28 29 34 36 39 41
23 25 26 35 38 42 44 45 51 52
15 19 23 24 27 29 37 38 42 45
20 25 29 31 37 39 44 48 51 55
14 15 18 21 24 28 34 37 38 39
4 7 9 10 14 19 20 21 25 26
2 4 6 10 14 15 18 19 20 22
24 26 30 37 39 45 48 52 55 57
18 20 24 28 30 34 39 42 44 48
10 11 14 15 17 26 30 31 35 37
19 20 23 30 34 37 39 42 44 48
9 10 12 15 21 24 28 30 31 34
8
7 8 9 10 13 15 16 18
5 6 7 9 12 13 15 17
4 5 6 8 10 11 14 15
5 6 7 9 13 14 16 17
13 15 17 20 23 25 27 29
12 13 16 18 21 22 24 26
12 14 15 16 20 22 24 27
10 11 13 15 18 20 22 25
2 4 5 7 9 11 12 13
8 10 12 13 17 19 21 23
11 12 14 17 19 20 22 23
2 3 5 6 8 10 12 13
9 11 13 15 17 18 20 22
13 15 17 18 22 23 26 29
6 8 9 10 15 17 18 20
10
19 40 63 72 90 109 113 122 147 162
122 133 180 192 198 217 231 246 270 273
38 63 70 97 104 136 160 180 204 210
8 19 33 52 68 93 98 122 145 156
8 29 38 58 69 70 83 91 96 109
145 146 204 228 231 250 262 279 289 299
156 176 210 242 267 279 303 319 329 343
93 113 136 150 165 188 189 198 216 242
68 93 104 122 135 161 171 187 210 224
91 122 139 161 187 198 218 246 279 319
33 63 70 79 102 125 137 139 164 180
58 72 79 110 122 150 168 192 228 242
109 162 180 184 224 242 259 273 299 343
96 147 164 181 210 216 233 270 289 329
29 40 63 72 93 113 125 133 146 176
83 113 137 145 171 189 206 231 262 303
98 125 160 168 188 189 206 218 233 259
69 90 102 133 135 165 188 198 231 267
70 109 125 136 161 188 189 217 250 279
7
12 15 17 19 22 24 27
9 10 15 19 22 26 27
13 18 20 22 25 27 30
9 10 12 15 16 17 20
3 6 8 9 11 12 15
15 19 23 26 28 30 31
6 8 10 15 18 19 21
15 16 20 27 30 31 34
18 21 25 27 29 33 34
11 13 16 22 25 28 29
12 14 17 24 27 30 33
6 8 9 10 13 14 16
3 6 9 12 13 15 18
4
63 82 98 123
51 65 85 123
19 28 41 63
28 47 64 65
25 47 61 82
41 61 72 85
19 25 40 51
2
6 8
2 6
2 4
7
5 6 7 8 9 10 11
1 2 3 4 5 6 7
5 6 7 8 9 10 11
4 5 6 7 8 9 10
3 4 5 6 7 8 9
4 5 6 7 8 9 10
6 7 8 9 10 11 12
2 3 4 5 6 7 8
3 4 5 6 7 8 9
1 2 3 4 5 6 7
7 8 9 10 11 12 13
2 3 4 5 6 7 8
6 7 8 9 10 11 12
10
3 11 18 19 20 21 22 23 24 50
5 13 20 26 31 32 33 34 35 55
46 49 51 52 55 56 59 60 63 64
6 14 21 27 32 36 37 38 39 56
8 16 23 29 34 38 41 43 44 61
9 17 24 30 35 39 42 44 45 63
8 16 23 29 34 38 41 43 44 60
7 15 22 28 33 37 40 41 42 59
7 15 22 28 33 37 40 41 42 58
6 14 21 27 32 36 37 38 39 57
2 10 11 12 13 14 15 16 17 49
1 2 3 4 5 6 7 8 9 47
5 13 20 26 31 32 33 34 35 54
4 12 19 25 26 27 28 29 30 52
9 17 24 30 35 39 42 44 45 62
4 12 19 25 26 27 28 29 30 53
2 10 11 12 13 14 15 16 17 48
1 2 3 4 5 6 7 8 9 46
47 48 50 53 54 57 58 61 62 64
7
7 9 10 13 15 16 20
6 8 9 10 13 15 16
5 7 9 11 14 15 18
2 4 6 7 9 11 12
11 14 16 18 20 21 24
3 6 8 10 12 14 16
9 12 14 15 16 18 20
4 6 7 9 11 12 14
7 10 11 13 14 17 18
10 12 15 17 18 19 23
11 14 15 16 18 19 21
2 3 5 7 9 10 11
9 11 13 14 16 18 21
8
12 14 18 19 20 21 24 26
3 4 6 8 9 11 13 14
1 2 4 5 6 8 10 12
4 5 7 10 12 14 16 18
8 11 13 15 18 19 20 21
8 11 14 16 17 19 21 22
6 9 12 14 16 18 20 21
10 13 16 17 18 20 23 24
1 3 4 6 7 8 10 11
2 4 5 8 9 11 13 14
5 8 10 12 13 15 17 18
10 13 15 17 20 21 23 24
6 8 10 12 14 16 17 19
7 9 11 13 16 17 18 20
11 14 17 18 21 22 24 26
4
13 14 15 16
9 10 11 12
5 6 7 8
1 5 9 13
1 2 3 4
3 7 11 15
4 8 12 16
2
22 222
2 22
2 22
10
3 5 6 8 10 12 15 17 18 20
7 13 14 15 20 22 25 27 28 32
8 10 12 17 20 25 28 29 31 36
5 8 10 11 12 13 16 19 21 23
17 20 23 29 32 37 40 41 43 48
5 8 11 14 15 22 25 26 28 33
20 23 30 33 36 39 40 44 47 48
10 15 16 22 25 31 33 34 38 40
9 12 13 20 22 28 31 32 35 39
15 18 21 27 28 34 39 40 42 47
12 17 19 25 27 32 36 38 41 44
3 6 10 11 14 19 20 24 27 30
17 22 27 28 31 35 38 41 42 43
2 5 8 10 13 16 18 21 22 23
8 16 19 22 25 28 31 32 34 37
1 2 3 5 8 9 10 12 15 17
14 21 24 26 29 32 34 38 40 41
11 18 20 25 28 31 33 36 39 40
6 10 11 14 17 20 22 25 27 29
4
1 2 3 4
2 3 4 5
3 4 5 6
4 5 6 7
1 2 3 4
2 3 4 5
4 5 6 7
10
6 12 17 18 22 25 27 28 30 32
9 15 23 24 27 28 32 35 38 40
5 7 8 11 12 13 15 17 18 19
11 15 18 22 25 27 28 30 37 39
10 14 17 19 22 24 27 28 35 38
9 11 14 17 18 22 24 27 32 33
18 22 28 30 32 37 40 43 46 51
11 17 26 27 28 30 34 37 41 43
8 13 20 22 24 27 29 32 34 37
3 7 9 11 14 15 16 18 20 22
16 19 31 33 38 39 43 46 49 51
14 16 20 23 27 29 32 34 40 43
15 18 23 25 28 32 35 37 42 46
2 5 6 9 10 11 14 15 17 18
14 18 29 32 35 37 40 42 44 46
5 11 14 17 19 22 23 25 29 30
2 3 4 5 6 8 9 11 14 16
17 20 26 29 30 34 38 41 44 49
4 8 10 14 17 18 20 23 26 28
5
7 9 11 13 14
7 8 10 13 15
2 4 6 7 9
8 9 12 14 16
2 4 6 7 8
6 8 9 10 12
4 5 7 8 9
6 7 9 11 13
4 5 8 9 11
6
8 10 11 13 16 17
4 5 7 9 11 13
2 4 6 7 9 10
4 5 7 8 10 12
6 7 8 9 11 14
7 9 11 12 13 15
2 4 5 6 8 9
6 8 9 12 15 16
9 11 13 15 16 18
10 13 15 16 17 20
9 12 14 15 18 20
2
4 8
2 6
2 4
3
3 4 5
2 3 4
3 4 5
2 3 4
1 2 3
2
7 9
2 7
2 3
3
3 4 5
1 2 3
2 3 4
3 4 5
1 2 3
